0 1 3 4 2 -pb-> 1 3 4 2 | 0 -sa[0][1]-> 3 1 4 2 | 0 -sa[1][2]-> 1 4 3 2 | 0 -sa[2][3]-> 1 3 2 4 | 0 
0 1 4 2 3 -pb-> 1 4 2 3 | 0 -sa[0][1]-> 4 1 2 3 | 0 [SORTED]
0 1 4 3 2 -pb-> 1 4 3 2 | 0 -sa[0][1]-> 4 1 3 2 | 0 -sa[1][2]-> 1 3 4 2 | 0 -sa[2][3]-> 1 4 2 3 | 0 
0 2 1 3 4 -pb-> 2 1 3 4 | 0 -sa[0][1]-> 1 2 3 4 | 0 [SORTED]
0 2 1 4 3 -pb-> 2 1 4 3 | 0 -sa[0][1]-> 1 2 4 3 | 0 -sa[1][2]-> 2 4 1 3 | 0 -sa[2][3]-> 2 1 3 4 | 0 
0 2 3 1 4 -pb-> 2 3 1 4 | 0 -sa[0][1]-> 3 2 1 4 | 0 -sa[1][2]-> 2 1 3 4 | 0 -sa[2][3]-> 2 3 4 1 | 0 [SORTED] 
0 2 3 4 1 -pb-> 2 3 4 1 | 0 [SORTED]
0 2 4 1 3 -pb-> 2 4 1 3 | 0 -sa[0][1]-> 4 2 1 3 | 0 -sa[1][2]-> 2 1 4 3 | 0 -sa[2][3]-> 2 4 3 1 | 0 
0 2 4 3 1 -pb-> 2 4 3 1 | 0 -sa[0][1]-> 4 2 3 1 | 0 -sa[1][2]-> 2 3 4 1 | 0 -sa[2][3]-> 2 4 1 3 | 0 
0 3 1 4 2 -pb-> 3 1 4 2 | 0 -sa[0][1]-> 1 3 4 2 | 0 -sa[1][2]-> 3 4 1 2 | 0 [SORTED]
0 3 2 1 4 -pb-> 3 2 1 4 | 0 -sa[0][1]-> 2 3 1 4 | 0 -sa[1][2]-> 3 1 2 4 | 0 -sa[2][3]-> 3 2 4 1 | 0 
0 3 2 4 1 -pb-> 3 2 4 1 | 0 -sa[0][1]-> 2 3 4 1 | 0 [SORTED]
0 3 4 1 2 -pb-> 3 4 1 2 | 0 [SORTED]
0 3 4 2 1 -pb-> 3 4 2 1 | 0 -sa[0][1]-> 4 3 2 1 | 0 -sa[1][2]-> 3 2 4 1 | 0 -sa[2][3]-> 3 4 1 2 | 0 [SORTED] 
0 4 1 3 2 -pb-> 4 1 3 2 | 0 -sa[0][1]-> 1 4 3 2 | 0 -sa[1][2]-> 4 3 1 2 | 0 -sa[2][3]-> 4 1 2 3 | 0 [SORTED] 
0 4 2 1 3 -pb-> 4 2 1 3 | 0 -sa[0][1]-> 2 4 1 3 | 0 -sa[1][2]-> 4 1 2 3 | 0 [SORTED]
0 4 2 3 1 -pb-> 4 2 3 1 | 0 -sa[0][1]-> 2 4 3 1 | 0 -sa[1][2]-> 4 3 2 1 | 0 -sa[2][3]-> 4 2 1 3 | 0 
0 4 3 1 2 -pb-> 4 3 1 2 | 0 -sa[0][1]-> 3 4 1 2 | 0 [SORTED]
0 4 3 2 1 -pb-> 4 3 2 1 | 0 -sa[0][1]-> 3 4 2 1 | 0 -sa[1][2]-> 4 2 3 1 | 0 -sa[2][3]-> 4 3 1 2 | 0 
1 0 2 4 3 -pb-> 0 2 4 3 | 1 -sa[0][1]-> 2 0 4 3 | 1 -sa[1][2]-> 0 4 2 3 | 1 -sa[2][3]-> 0 2 3 4 | 1 [SORTED] 
1 0 3 2 4 -pb-> 0 3 2 4 | 1 -sa[0][1]-> 3 0 2 4 | 1 -sa[1][2]-> 0 2 3 4 | 1 [SORTED]
1 0 3 4 2 -pb-> 0 3 4 2 | 1 -sa[0][1]-> 3 0 4 2 | 1 -sa[1][2]-> 0 4 3 2 | 1 -sa[2][3]-> 0 3 2 4 | 1 
1 0 4 2 3 -pb-> 0 4 2 3 | 1 -sa[0][1]-> 4 0 2 3 | 1 [SORTED]
1 0 4 3 2 -pb-> 0 4 3 2 | 1 -sa[0][1]-> 4 0 3 2 | 1 -sa[1][2]-> 0 3 4 2 | 1 -sa[2][3]-> 0 4 2 3 | 1 
1 2 0 3 4 -pb-> 2 0 3 4 | 1 -sa[0][1]-> 0 2 3 4 | 1 [SORTED]
1 2 0 4 3 -pb-> 2 0 4 3 | 1 -sa[0][1]-> 0 2 4 3 | 1 -sa[1][2]-> 2 4 0 3 | 1 -sa[2][3]-> 2 0 3 4 | 1 
1 2 4 0 3 -pb-> 2 4 0 3 | 1 -sa[0][1]-> 4 2 0 3 | 1 -sa[1][2]-> 2 0 4 3 | 1 -sa[2][3]-> 2 4 3 0 | 1 
1 3 0 2 4 -pb-> 3 0 2 4 | 1 -sa[0][1]-> 0 3 2 4 | 1 -sa[1][2]-> 3 2 0 4 | 1 -sa[2][3]-> 3 0 4 2 | 1 
1 3 0 4 2 -pb-> 3 0 4 2 | 1 -sa[0][1]-> 0 3 4 2 | 1 -sa[1][2]-> 3 4 0 2 | 1 [SORTED]
1 3 2 0 4 -pb-> 3 2 0 4 | 1 -sa[0][1]-> 2 3 0 4 | 1 -sa[1][2]-> 3 0 2 4 | 1 -sa[2][3]-> 3 2 4 0 | 1 
1 3 4 0 2 -pb-> 3 4 0 2 | 1 [SORTED]
1 3 4 2 0 -pb-> 3 4 2 0 | 1 -sa[0][1]-> 4 3 2 0 | 1 -sa[1][2]-> 3 2 4 0 | 1 -sa[2][3]-> 3 4 0 2 | 1 [SORTED] 
1 4 0 2 3 -pb-> 4 0 2 3 | 1 [SORTED]
1 4 0 3 2 -pb-> 4 0 3 2 | 1 -sa[0][1]-> 0 4 3 2 | 1 -sa[1][2]-> 4 3 0 2 | 1 -sa[2][3]-> 4 0 2 3 | 1 [SORTED] 
1 4 2 0 3 -pb-> 4 2 0 3 | 1 -sa[0][1]-> 2 4 0 3 | 1 -sa[1][2]-> 4 0 2 3 | 1 [SORTED]
1 4 2 3 0 -pb-> 4 2 3 0 | 1 -sa[0][1]-> 2 4 3 0 | 1 [SORTED]
1 4 3 0 2 -pb-> 4 3 0 2 | 1 -sa[0][1]-> 3 4 0 2 | 1 [SORTED]
1 4 3 2 0 -pb-> 4 3 2 0 | 1 -sa[0][1]-> 3 4 2 0 | 1 -sa[1][2]-> 4 2 3 0 | 1 -sa[2][3]-> 4 3 0 2 | 1 
2 0 1 3 4 -pb-> 0 1 3 4 | 2 [SORTED]
2 0 1 4 3 -pb-> 0 1 4 3 | 2 -sa[0][1]-> 1 0 4 3 | 2 -sa[1][2]-> 0 4 1 3 | 2 -sa[2][3]-> 0 1 3 4 | 2 [SORTED] 
2 0 3 1 4 -pb-> 0 3 1 4 | 2 -sa[0][1]-> 3 0 1 4 | 2 -sa[1][2]-> 0 1 3 4 | 2 [SORTED]
2 0 3 4 1 -pb-> 0 3 4 1 | 2 -sa[0][1]-> 3 0 4 1 | 2 -sa[1][2]-> 0 4 3 1 | 2 -sa[2][3]-> 0 3 1 4 | 2 
2 0 4 1 3 -pb-> 0 4 1 3 | 2 -sa[0][1]-> 4 0 1 3 | 2 [SORTED]
2 0 4 3 1 -pb-> 0 4 3 1 | 2 -sa[0][1]-> 4 0 3 1 | 2 -sa[1][2]-> 0 3 4 1 | 2 -sa[2][3]-> 0 4 1 3 | 2 
2 1 0 3 4 -pb-> 1 0 3 4 | 2 -sa[0][1]-> 0 1 3 4 | 2 [SORTED]
2 1 0 4 3 -pb-> 1 0 4 3 | 2 -sa[0][1]-> 0 1 4 3 | 2 -sa[1][2]-> 1 4 0 3 | 2 -sa[2][3]-> 1 0 3 4 | 2 
2 1 3 0 4 -pb-> 1 3 0 4 | 2 -sa[0][1]-> 3 1 0 4 | 2 -sa[1][2]-> 1 0 3 4 | 2 -sa[2][3]-> 1 3 4 0 | 2 [SORTED] 
2 1 4 0 3 -pb-> 1 4 0 3 | 2 -sa[0][1]-> 4 1 0 3 | 2 -sa[1][2]-> 1 0 4 3 | 2 -sa[2][3]-> 1 4 3 0 | 2 
2 1 4 3 0 -pb-> 1 4 3 0 | 2 -sa[0][1]-> 4 1 3 0 | 2 -sa[1][2]-> 1 3 4 0 | 2 [SORTED]
2 3 0 1 4 -pb-> 3 0 1 4 | 2 -sa[0][1]-> 0 3 1 4 | 2 -sa[1][2]-> 3 1 0 4 | 2 -sa[2][3]-> 3 0 4 1 | 2 
2 3 1 0 4 -pb-> 3 1 0 4 | 2 -sa[0][1]-> 1 3 0 4 | 2 -sa[1][2]-> 3 0 1 4 | 2 -sa[2][3]-> 3 1 4 0 | 2 
2 3 1 4 0 -pb-> 3 1 4 0 | 2 -sa[0][1]-> 1 3 4 0 | 2 [SORTED]
2 4 0 1 3 -pb-> 4 0 1 3 | 2 [SORTED]
2 4 0 3 1 -pb-> 4 0 3 1 | 2 -sa[0][1]-> 0 4 3 1 | 2 -sa[1][2]-> 4 3 0 1 | 2 -sa[2][3]-> 4 0 1 3 | 2 [SORTED] 
2 4 1 0 3 -pb-> 4 1 0 3 | 2 -sa[0][1]-> 1 4 0 3 | 2 -sa[1][2]-> 4 0 1 3 | 2 [SORTED]
2 4 1 3 0 -pb-> 4 1 3 0 | 2 -sa[0][1]-> 1 4 3 0 | 2 -sa[1][2]-> 4 3 1 0 | 2 -sa[2][3]-> 4 1 0 3 | 2 
2 4 3 1 0 -pb-> 4 3 1 0 | 2 -sa[0][1]-> 3 4 1 0 | 2 -sa[1][2]-> 4 1 3 0 | 2 -sa[2][3]-> 4 3 0 1 | 2 
3 0 1 2 4 -pb-> 0 1 2 4 | 3 [SORTED]
3 0 1 4 2 -pb-> 0 1 4 2 | 3 -sa[0][1]-> 1 0 4 2 | 3 -sa[1][2]-> 0 4 1 2 | 3 -sa[2][3]-> 0 1 2 4 | 3 [SORTED] 
3 0 2 1 4 -pb-> 0 2 1 4 | 3 -sa[0][1]-> 2 0 1 4 | 3 -sa[1][2]-> 0 1 2 4 | 3 [SORTED]
3 0 2 4 1 -pb-> 0 2 4 1 | 3 -sa[0][1]-> 2 0 4 1 | 3 -sa[1][2]-> 0 4 2 1 | 3 -sa[2][3]-> 0 2 1 4 | 3 
3 0 4 2 1 -pb-> 0 4 2 1 | 3 -sa[0][1]-> 4 0 2 1 | 3 -sa[1][2]-> 0 2 4 1 | 3 -sa[2][3]-> 0 4 1 2 | 3 
3 1 0 2 4 -pb-> 1 0 2 4 | 3 -sa[0][1]-> 0 1 2 4 | 3 [SORTED]
3 1 0 4 2 -pb-> 1 0 4 2 | 3 -sa[0][1]-> 0 1 4 2 | 3 -sa[1][2]-> 1 4 0 2 | 3 -sa[2][3]-> 1 0 2 4 | 3 
3 1 2 0 4 -pb-> 1 2 0 4 | 3 -sa[0][1]-> 2 1 0 4 | 3 -sa[1][2]-> 1 0 2 4 | 3 -sa[2][3]-> 1 2 4 0 | 3 [SORTED] 
3 1 2 4 0 -pb-> 1 2 4 0 | 3 [SORTED]
3 1 4 0 2 -pb-> 1 4 0 2 | 3 -sa[0][1]-> 4 1 0 2 | 3 -sa[1][2]-> 1 0 4 2 | 3 -sa[2][3]-> 1 4 2 0 | 3 
3 1 4 2 0 -pb-> 1 4 2 0 | 3 -sa[0][1]-> 4 1 2 0 | 3 -sa[1][2]-> 1 2 4 0 | 3 [SORTED]
3 2 0 1 4 -pb-> 2 0 1 4 | 3 -sa[0][1]-> 0 2 1 4 | 3 -sa[1][2]-> 2 1 0 4 | 3 -sa[2][3]-> 2 0 4 1 | 3 
3 2 0 4 1 -pb-> 2 0 4 1 | 3 -sa[0][1]-> 0 2 4 1 | 3 -sa[1][2]-> 2 4 0 1 | 3 [SORTED]
3 2 1 0 4 -pb-> 2 1 0 4 | 3 -sa[0][1]-> 1 2 0 4 | 3 -sa[1][2]-> 2 0 1 4 | 3 -sa[2][3]-> 2 1 4 0 | 3 
3 2 1 4 0 -pb-> 2 1 4 0 | 3 -sa[0][1]-> 1 2 4 0 | 3 [SORTED]
3 2 4 1 0 -pb-> 2 4 1 0 | 3 -sa[0][1]-> 4 2 1 0 | 3 -sa[1][2]-> 2 1 4 0 | 3 -sa[2][3]-> 2 4 0 1 | 3 [SORTED] 
3 4 1 2 0 -pb-> 4 1 2 0 | 3 -sa[0][1]-> 1 4 2 0 | 3 -sa[1][2]-> 4 2 1 0 | 3 -sa[2][3]-> 4 1 0 2 | 3 
3 4 2 0 1 -pb-> 4 2 0 1 | 3 -sa[0][1]-> 2 4 0 1 | 3 [SORTED]
3 4 2 1 0 -pb-> 4 2 1 0 | 3 -sa[0][1]-> 2 4 1 0 | 3 -sa[1][2]-> 4 1 2 0 | 3 -sa[2][3]-> 4 2 0 1 | 3 
4 0 2 3 1 -pb-> 0 2 3 1 | 4 -sa[0][1]-> 2 0 3 1 | 4 -sa[1][2]-> 0 3 2 1 | 4 -sa[2][3]-> 0 2 1 3 | 4 
4 0 3 1 2 -pb-> 0 3 1 2 | 4 -sa[0][1]-> 3 0 1 2 | 4 [SORTED]
4 0 3 2 1 -pb-> 0 3 2 1 | 4 -sa[0][1]-> 3 0 2 1 | 4 -sa[1][2]-> 0 2 3 1 | 4 -sa[2][3]-> 0 3 1 2 | 4 
4 1 0 3 2 -pb-> 1 0 3 2 | 4 -sa[0][1]-> 0 1 3 2 | 4 -sa[1][2]-> 1 3 0 2 | 4 -sa[2][3]-> 1 0 2 3 | 4 
4 1 2 0 3 -pb-> 1 2 0 3 | 4 -sa[0][1]-> 2 1 0 3 | 4 -sa[1][2]-> 1 0 2 3 | 4 -sa[2][3]-> 1 2 3 0 | 4 [SORTED] 
4 1 2 3 0 -pb-> 1 2 3 0 | 4 [SORTED]
4 1 3 0 2 -pb-> 1 3 0 2 | 4 -sa[0][1]-> 3 1 0 2 | 4 -sa[1][2]-> 1 0 3 2 | 4 -sa[2][3]-> 1 3 2 0 | 4 
4 1 3 2 0 -pb-> 1 3 2 0 | 4 -sa[0][1]-> 3 1 2 0 | 4 -sa[1][2]-> 1 2 3 0 | 4 [SORTED]
4 2 0 1 3 -pb-> 2 0 1 3 | 4 -sa[0][1]-> 0 2 1 3 | 4 -sa[1][2]-> 2 1 0 3 | 4 -sa[2][3]-> 2 0 3 1 | 4 
4 2 0 3 1 -pb-> 2 0 3 1 | 4 -sa[0][1]-> 0 2 3 1 | 4 -sa[1][2]-> 2 3 0 1 | 4 [SORTED]
4 2 1 0 3 -pb-> 2 1 0 3 | 4 -sa[0][1]-> 1 2 0 3 | 4 -sa[1][2]-> 2 0 1 3 | 4 -sa[2][3]-> 2 1 3 0 | 4 
4 2 1 3 0 -pb-> 2 1 3 0 | 4 -sa[0][1]-> 1 2 3 0 | 4 [SORTED]
4 2 3 0 1 -pb-> 2 3 0 1 | 4 [SORTED]
4 2 3 1 0 -pb-> 2 3 1 0 | 4 -sa[0][1]-> 3 2 1 0 | 4 -sa[1][2]-> 2 1 3 0 | 4 -sa[2][3]-> 2 3 0 1 | 4 [SORTED] 
4 3 0 2 1 -pb-> 3 0 2 1 | 4 -sa[0][1]-> 0 3 2 1 | 4 -sa[1][2]-> 3 2 0 1 | 4 -sa[2][3]-> 3 0 1 2 | 4 [SORTED] 
4 3 1 0 2 -pb-> 3 1 0 2 | 4 -sa[0][1]-> 1 3 0 2 | 4 -sa[1][2]-> 3 0 1 2 | 4 [SORTED]
4 3 1 2 0 -pb-> 3 1 2 0 | 4 -sa[0][1]-> 1 3 2 0 | 4 -sa[1][2]-> 3 2 1 0 | 4 -sa[2][3]-> 3 1 0 2 | 4 
4 3 2 0 1 -pb-> 3 2 0 1 | 4 -sa[0][1]-> 2 3 0 1 | 4 [SORTED]
4 3 2 1 0 -pb-> 3 2 1 0 | 4 -sa[0][1]-> 2 3 1 0 | 4 -sa[1][2]-> 3 1 2 0 | 4 -sa[2][3]-> 3 2 0 1 | 4 
